  0.150000006  4.46219747E-05  4.40561735E-06
  0.156085029  4.84318916E-05  5.08944049E-06
  0.16241692  5.25463911E-05  5.87904424E-06
  0.169005662  5.69881886E-05  6.79011737E-06
  0.175861686  6.1781313E-05  7.84102667E-06
  0.182995841  6.69496512E-05  9.05194429E-06
  0.190419391  7.25180435E-05  1.04467681E-05
  0.198144123  7.85109005E-05  1.20521172E-05
  0.206182197  8.49315838E-05  1.39003459E-05
  0.214546368  9.1807342E-05  1.59792326E-05
  0.223249838  9.92560817E-05  1.83365883E-05
  0.232306376  0.000107183499  2.11451006E-05
  0.241730317  0.0001156531  2.41034359E-05
  0.251536548  0.000124820712  2.75283965E-05
  0.261740595  0.000134677641  3.1552001E-05
  0.272358596  0.000145102313  3.62146675E-05
  0.283407331  0.000156102178  4.14936003E-05
  0.294904262  0.00016799361  4.74011504E-05
  0.306867599  0.000180197254  5.46432275E-05
  0.319316238  0.00019280531  6.26081091E-05
  0.332269907  0.000205711825  7.16237773E-05
  0.34574905  0.0002189964  8.18872431E-05
  0.359775007  0.000229984464  9.28836453E-05
  0.374369949  0.000244143914  0.000103897677
  0.389556974  0.000254657905  0.000115593517
  0.405360043  0.000270677934  0.000126908184
  0.421804249  0.000283462985  0.000143856232
  0.438915521  0.000289988529  0.000160901807
  0.456720918  0.000292435521  0.000161372838
  0.475248665  0.000313269207  0.000173595297
  0.494528025  0.000321389874  0.00019410337
  0.514589429  0.000313812227  0.000212344341
  0.535464704  0.000274161896  0.000178824877
  0.557186842  0.000299999665  8.88940922E-05
  0.579790175  0.000405694649  8.39517525E-05
  0.603310466  0.000470253319  9.67601445E-05
  0.627784848  0.000528978475  0.000110389636
  0.653252125  0.000587233168  0.000126738902
  0.679752469  0.000647813489  0.000143495708
  0.707327843  0.00071210193  0.000161868797
  0.736021936  0.000780920731  0.00018496906
  0.765880048  0.000853228383  0.00021251211
  0.796949327  0.000931554532  0.000243159331
  0.829279125  0.00101153681  0.000283712317
  0.862920344  0.00109358365  0.000321011001
  0.897926271  0.00118494756  0.000365481741
  0.934352338  0.00128013967  0.000416913506
  0.972256124  0.00138031668  0.000472122774
  1.01169741  0.00149028725  0.000534007384
  1.05273879  0.00160722982  0.000609057082
  1.09544516  0.00172751478  0.000695070543
  1.13988388  0.00185083644  0.000793191255
  1.1861254  0.00197278126  0.000904639135
  1.2342428  0.0020918122  0.00101734477
  1.28431213  0.00221915171  0.00113962358
  1.33641267  0.00234879344  0.00127064879
  1.39062667  0.00248190458  0.00141483615
  1.44704008  0.00260995212  0.00156249583
  1.50574183  0.00275076879  0.00171745743
  1.56682515  0.00289318291  0.00188503298
  1.63038635  0.00304432865  0.00205878471
  1.69652593  0.00320449099  0.00224856031
  1.76534867  0.00336960307  0.00245795795
  1.83696318  0.00353287859  0.00268739066
  1.91148317  0.00367872464  0.00293079438
  1.98902583  0.00383570907  0.00315997982
  2.06971455  0.00400812319  0.00340668787
  2.15367627  0.00418807147  0.00367265055
  2.24104404  0.00437164539  0.00395447761
  2.33195615  0.00456306525  0.00425544987
  2.42655635  0.0047568013  0.00457888609
  2.52499413  0.00495174481  0.00492212735
  2.62742519  0.00514589017  0.00529079046
  2.73401141  0.0053273784  0.00568544026
  2.84492183  0.00549615221  0.0060832384
  2.9603312  0.00566519564  0.00650356803
  3.08042264  0.00579771306  0.00694537302
  3.20538545  0.00592275476  0.0073465677
  3.33541822  0.00606567552  0.00776364887
  3.4707253  0.00618573604  0.008204435
  3.61152172  0.00625755871  0.00858456641
  3.75802994  0.00639062608  0.00893279258
  3.91048145  0.00654036785  0.00929518044
  4.06911707  0.00667215791  0.00963108242
  4.23418856  0.00685148081  0.00993870944
  4.40595627  0.00703867245  0.0102561936
  4.584692  0.00715176389  0.0105042113
  4.77067852  0.00737725338  0.0106279673
  4.96420956  0.00764579745  0.0107241664
  5.16559267  0.00801516045  0.0107155712
  5.375144  0.00844410714  0.0106588276
  5.59319687  0.00903325155  0.0104861688
  5.82009506  0.00969344471  0.0102720298
  6.05619812  0.0105996374  0.00979652721
  6.30187941  0.0118173799  0.00930401683
  6.55752659  0.0133694587  0.00879366975
  6.8235445  0.0152475871  0.00831473153
  7.          0.0166334044  0.00802684017
  7.12307692  0.0176730976  0.00783588085
  7.24831867  0.0188337732  0.0076531861
  7.37576199  0.0201235451  0.00759049645
  7.50544643  0.0213756599  0.00758777792
  7.63741016  0.0226747971  0.00758516416
  7.77169514  0.0240601767  0.00758243678
  7.90834093  0.0255554505  0.00764876511
  8.04738903  0.0270943046  0.00782411732
  8.18888283  0.0286405794  0.00801781658
  8.33286285  0.0302437786  0.00821631309
  8.47937584  0.0319543332  0.00841973815
  8.62846375  0.0338229351  0.00871323608
  8.7801733  0.0357005596  0.0091401618
  8.93455029  0.0376072973  0.00959961582
  9.09164238  0.0396058299  0.010082175
  9.25149632  0.0417612493  0.0106423721
  9.41415977  0.0440271683  0.0114644505
  9.57968426  0.0461697876  0.0124297775
  9.7481184  0.0482281074  0.01339979
  9.91951466  0.0503323674  0.0143144261
  10.0939245  0.0525640622  0.0152598331
  10.2714005  0.0548849888  0.0162676796
  10.4519978  0.0572997704  0.0173421074
  10.6357689  0.0598274544  0.0185047761
  10.822773  0.0624388866  0.0197925679
  11.0130634  0.0651270971  0.0211733151
  11.2067003  0.067923978  0.0226503927
  11.4037418  0.0708930641  0.0242542401
  11.604248  0.0740105361  0.0261205994
  11.808279  0.077105619  0.0282923058
  12.0158987  0.0801558867  0.0306445695
  12.2271671  0.0831416696  0.0331516676
  12.4421511  0.0861491486  0.0357124209
  12.6609144  0.0892717019  0.0384029597
  12.8835249  0.0925733  0.0412961915
  13.1100502  0.0961526632  0.0446769968
  13.3405561  0.0993473232  0.0487578996
  13.5751171  0.10205885  0.0531493723
  13.8138008  0.104443207  0.057499595
  14.0566816  0.106470682  0.0622060709
  14.303834  0.107729271  0.0670155436
  14.5553303  0.10786026  0.0716349185
  14.8112488  0.107585929  0.0734513327
  15.0716667  0.110303439  0.0743960664
  15.3366642  0.113890976  0.0776820779
  15.6063204  0.116704457  0.0816577971
  15.8807192  0.11912626  0.0858363584
  16.1599407  0.121016495  0.0896068737
  16.4440727  0.123508483  0.0930510089
  16.7332001  0.126458451  0.0966843963
  17.0274105  0.12976405  0.100811653
  17.3267956  0.133063316  0.105270669
  17.631443  0.136762127  0.110086724
  17.9414463  0.14065969  0.116022907
  18.2569027  0.143875271  0.123025052
  18.5779057  0.146274492  0.13045004
  18.9045506  0.147749841  0.138323143
  19.2369385  0.148206428  0.145945758
  19.5751705  0.147565231  0.153697804
  19.9193516  0.144619226  0.159696341
  20.2695827  0.143511534  0.16376023
  20.6259727  0.143015221  0.167926818
  20.9886284  0.142238095  0.171831056
  21.3576603  0.141585305  0.17454955
  21.733181  0.142356634  0.176786646
  22.1153049  0.144018307  0.179052189
  22.5041466  0.146580607  0.181347057
  22.8998241  0.150464162  0.184398502
  23.3024616  0.154389471  0.188523993
  23.7121754  0.158212379  0.192964315
  24.1290932  0.162328705  0.197510734
  24.5533428  0.167468801  0.20227249
  24.9850502  0.174041808  0.208898619
  25.4243507  0.179017827  0.217253491
  25.8713722  0.183145598  0.225943223
  26.3262558  0.186667189  0.234893486
  26.7891388  0.189727306  0.243986115
  27.2601566  0.192441106  0.253346115
  27.7394581  0.19438386  0.263064086
  28.2271843  0.195258945  0.271855682
  28.7234917  0.196713015  0.279823363
  29.2285194  0.198839113  0.287869811
  29.7424297  0.201267838  0.29614675
  30.2653751  0.203961432  0.304660708
  30.7975178  0.207043469  0.31349209
  31.3390121  0.210506827  0.323020279
  31.8900299  0.213705435  0.333189189
  32.450737  0.216878667  0.343678027
  33.0213013  0.220284373  0.354496777
  33.6018982  0.224514261  0.366268337
  34.1927032  0.228377521  0.38001892
  34.7938919  0.230989203  0.394895047
  35.4056549  0.232609257  0.410353273
  36.0281754  0.233322695  0.426395178
  36.6616402  0.233109042  0.443038404
  37.3062401  0.231992945  0.460332572
  37.9621773  0.230528101  0.478926837
  38.6296463  0.2270412  0.50246346
  39.3088493  0.211389661  0.527086675
  39.9999962  0.189601958  0.540138125