  7.  0.0144676873  0.00301397638
  7.12307692  0.0151794804  0.00309983199
  7.24831867  0.0158943795  0.00318806036
  7.37576199  0.0166229997  0.00323724886
  7.50544643  0.0174010228  0.00333363144
  7.63741016  0.0182006396  0.00342329708
  7.77169514  0.0190123376  0.00351579627
  7.90834093  0.0198308323  0.00361258187
  8.04738903  0.0206678212  0.0036744317
  8.18888283  0.021520637  0.00374531909
  8.33286285  0.0224394891  0.00376872066
  8.47937584  0.0234029461  0.00377729721
  8.62846375  0.0244088471  0.00383687415
  8.7801733  0.0254765209  0.00380951329
  8.93455029  0.0265948754  0.00391293317
  9.09164238  0.0277747791  0.00394762121
  9.25149632  0.0290023219  0.00400113547
  9.41415977  0.0302580371  0.00407823268
  9.57968426  0.0315765403  0.00409796182
  9.7481184  0.0329288952  0.00422527222
  9.91951466  0.034308169  0.00423208158
  10.0939245  0.0358548649  0.0042781462
  10.2714005  0.0374148637  0.00444730232
  10.4519978  0.0389350913  0.00447487459
  10.6357689  0.0406294912  0.00449969247
  10.822773  0.0423961319  0.00449592667
  11.0130634  0.0443225801  0.00452865101
  11.2067003  0.046325814  0.00460589165
  11.4037418  0.0483886227  0.00470710313
  11.604248  0.050591372  0.00474863825
  11.808279  0.0528904237  0.00480384985
  12.0158987  0.0553285591  0.00487119611
  12.2271671  0.0579498708  0.00491353264
  12.4421511  0.0607300997  0.00502179284
  12.6609144  0.0637115389  0.0051820809
  12.8835249  0.066856198  0.00539785437
  13.1100502  0.0701974258  0.00570682855
  13.3405561  0.0737073794  0.00609037699
  13.5751171  0.07737872  0.00658265036
  13.8138008  0.0812854841  0.00710595166
  14.0566816  0.0853600577  0.00772573659
  14.303834  0.089744091  0.00841780007
  14.5553303  0.0945973098  0.0092424918
  14.8112488  0.0994689167  0.0104210367
  15.0716667  0.104920648  0.0117401555
  15.3366642  0.110572539  0.0134308347
  15.6063204  0.116549283  0.0155794108
  15.8807192  0.122652955  0.0182524268
  16.1599407  0.128832072  0.0213552359
  16.4440727  0.134769008  0.0247508548
  16.7332001  0.140947133  0.0280735139
  17.0274105  0.147641122  0.0319448747
  17.3267956  0.15477033  0.0356235988
  17.631443  0.163181782  0.0419591777
  17.9414463  0.171310201  0.047421582
  18.2569027  0.179606035  0.0561537445
  18.5779057  0.185602903  0.0661963746
  18.9045506  0.189501598  0.0734807625
  19.2369385  0.19524993  0.0884058401
  19.5751705  0.202014565  0.0923290774
  19.9193516  0.205420285  0.102129214
  20.2695827  0.214902282  0.112758927
  20.6259727  0.215100273  0.126484916
  20.9886284  0.220001593  0.141857564
  21.3576603  0.220266774  0.15802677
  21.733181  0.21818769  0.171904445
  22.1153049  0.215227067  0.18441309
  22.5041466  0.211956248  0.197832197
  22.8998241  0.207456708  0.210417971
  23.3024616  0.20101051  0.223029479
  23.7121754  0.19187285  0.235279232
  24.1290932  0.183411971  0.240824789
  24.5533428  0.175757185  0.246501848
  24.9850502  0.169914573  0.252404302
  25.4243507  0.164352745  0.259058774
  25.8713722  0.158087358  0.266561508
  26.3262558  0.149952874  0.274281263
  26.7891388  0.139731318  0.28171578
  27.2601566  0.128245682  0.286984354
  27.7394581  0.115631163  0.29121992
  28.2271843  0.100682065  0.295519054
  28.7234917  0.0780636668  0.296936244
  29.2285194  0.0567627102  0.28281188
  29.7424297  0.0417178944  0.267479897
  30.2653751  0.0304110162  0.246198446
  30.7975178  0.0241924822  0.221353918
  31.3390121  0.0269477069  0.186214402
  31.8900299  0.043766588  0.1598894
  32.450737  0.0663129315  0.146138221
  33.0213013  0.0852445215  0.137053311
  33.6018982  0.103333667  0.128533065
  34.1927032  0.12309815  0.120542109
  34.7938919  0.14418298  0.11676091
  35.4056549  0.163612217  0.114624552
  36.0281754  0.182750165  0.112605408
  36.6616402  0.203125998  0.110777363
  37.3062401  0.225536123  0.110334009
  37.9621773  0.24829641  0.111430243
  38.6296463  0.272898853  0.113311589
  39.3088493  0.29926163  0.118235923
  39.9999962  0.325420082  0.125506893