  7.01436329  0.00843669474  0.0105998497
  7.02501154  0.00848514494  0.0107560344
  7.05011272  0.00855699647  0.0109662693
  7.07530403  0.00860597659  0.0111532109
  7.10058498  0.00863989256  0.0114009334
  7.12595558  0.00865219533  0.0116011696
  7.15141773  0.00857969932  0.0119467666
  7.17697096  0.00846999791  0.0121033117
  7.20261478  0.00843510218  0.0122584896
  7.22835064  0.00835848786  0.0125786159
  7.254179  0.0081973644  0.0127570732
  7.28009796  0.00803062133  0.0129283527
  7.30611086  0.00786206778  0.0130728986
  7.33221626  0.00769171212  0.0131890681
  7.35841513  0.00751034543  0.0132665122
  7.3847084  0.00732442224  0.0133368094
  7.41109419  0.00718366029  0.0133549804
  7.43757534  0.00713837985  0.0133938473
  7.46415043  0.0070473142  0.0134832654
  7.49082088  0.00692958292  0.0135364421
  7.51758623  0.0068063098  0.013608072
  7.54444742  0.00668322202  0.0136671709
  7.57140493  0.0065644579  0.0136907464
  7.59845829  0.00644997554  0.0137001788
  7.62560844  0.00633844128  0.0136986393
  7.6528554  0.00629116502  0.0136789791
  7.6802001  0.00625522202  0.0136559969
  7.70764208  0.00621844176  0.0136330547
  7.73518276  0.00618081447  0.0136101497
  7.76282215  0.00614797836  0.0136052882
  7.79055882  0.0061201104  0.0136186546
  7.81839561  0.00607956341  0.0136917215
  7.84633207  0.00602740794  0.0136213759
  7.87436771  0.00609740894  0.0136090908
  7.90250397  0.00611683959  0.0136550004
  7.93074036  0.00615389924  0.0136829764
  7.95907736  0.0062412601  0.0136972759
  7.98751688  0.00636204844  0.0137796979
  8.01605701  0.00648898026  0.0139286742
  8.04469967  0.00653098617  0.0142017258
  8.07344437  0.00653913897  0.0145232575
  8.10229111  0.00635584444  0.0147806546
  8.1312418  0.00613820599  0.0150248781
  8.16029549  0.00585838407  0.0150749777
  8.18945312  0.00563985156  0.0149837155
  8.21871567  0.00558428047  0.0148574058
  8.24808216  0.00562547985  0.0148257185
  8.2775526  0.00567106018  0.0149036432
  8.30712891  0.00564784743  0.0150239402
  8.33681202  0.00558849657  0.0151255205
  8.36660004  0.00550871668  0.0151947858
  8.39649487  0.00542863738  0.0152692813
  8.42649746  0.005348559  0.0153106358
  8.45660591  0.00527883973  0.0153610045
  8.48682213  0.00521783391  0.0153813455
  8.51714706  0.00515477965  0.0154436631
  8.54757977  0.00508424034  0.0154316984
  8.57812119  0.00505847391  0.015454689
  8.60877228  0.00503747351  0.0154832741
  8.63953209  0.00507238228  0.0154686924
  8.67040157  0.00511005986  0.015452723
  8.70138264  0.00514627481  0.0155820586
  8.73247337  0.00517695304  0.0156780742
  8.76367569  0.00516301394  0.0158271436
  8.79498863  0.00509603554  0.015928179
  8.82641411  0.00502978312  0.0160247143
  8.85795212  0.00499732047  0.0160418339
  8.88960266  0.00501755811  0.0161093511
  8.92136669  0.00506142527  0.0161969867
  8.95324326  0.00510566263  0.0162850954
  8.98523426  0.00515027391  0.0163736846
  9.01733971  0.0051955441  0.0164640434
  9.04955959  0.00527932215  0.0167300291
  9.08189487  0.00532129593  0.0169501491
  9.11434555  0.00530378614  0.0172047634
  9.14691257  0.00520988088  0.017536955
  9.17959499  0.00510895578  0.0178809483
  9.21239471  0.00500632031  0.0182316974
  9.24531174  0.00476708449  0.0185323227
  9.27834702  0.00449484633  0.0188254248
  9.31149864  0.00415888429  0.019037202
  9.34477043  0.00383485737  0.0191385597
  9.37816048  0.00352469645  0.01920202
  9.41166973  0.00320989755  0.0192656834
  9.44529915  0.00293315225  0.0192878209
  9.47904778  0.00269564916  0.0192679614
  9.51291752  0.00245459564  0.0192481223
  9.54690838  0.0022181985  0.019217601
  9.58102036  0.00201467588  0.0191721935
  9.6152544  0.00186893879  0.0191758052
  9.64961052  0.00172138668  0.0191790517
  9.68408966  0.00158481998  0.0191695187
  9.71869278  0.00144620985  0.0191599969
  9.75341797  0.00127099361  0.0192061346
  9.78826904  0.00113007764  0.0192458238
  9.82324314  0.00100285618  0.0192793235
  9.85834312  0.000873755547  0.0193128921
  9.89356804  0.000742754841  0.0193465091
  9.92891884  0.00058050931  0.0194043126
  9.96439648  0.000351413415  0.0195014905
  10.  0.000167682243  0.0194906704
  10.0695553 -0.000272244943  0.0196130425
  10.139595 -0.000771590159  0.0196812041
  10.2101212 -0.00135088386  0.0196761843
  10.2811384 -0.00175989757  0.0195724182
  10.3526497 -0.00218022149  0.0194692295
  10.4246578 -0.00282199471  0.0194870736
  10.4971676 -0.00350626884  0.0192459114
  10.5701809 -0.00420360826  0.0188165791
  10.6437016 -0.00467348797  0.0181842297
  10.7177343 -0.00499466667  0.0175087657
  10.7922831 -0.00517725293  0.0168978684
  10.8673487 -0.00511274952  0.0163916741
  10.9429369 -0.00519440742  0.016154591
  11.0190506 -0.00530006224  0.0159502793
  11.0956945 -0.00554498471  0.0156507995
  11.1728716 -0.0057948553  0.0152357221
  11.2505856 -0.00591075188  0.0147373648
  11.3288393 -0.00580247445  0.0143770333
  11.4076376 -0.00594446203  0.0143725611
  11.4869833 -0.00646113465  0.0140154921
  11.5668821 -0.00667652069  0.0135829113
  11.6473351 -0.00718873693  0.0128857857
  11.7283497 -0.00749360025  0.0115361288
  11.809926 -0.0063161524  0.0104861073
  11.8920708 -0.00520503288  0.0103743859
  11.9747868 -0.00422717538  0.0108692357
  12.0580778 -0.00421990175  0.0121431807
  12.1419487 -0.00425658608  0.0127212834
  12.2264023 -0.00662857201  0.0173539445
  12.3114443 -0.0151619576  0.0153922364
  12.3970776 -0.0160697997  0.00743624661
  12.4833059 -0.0109972628  0.00181430485
  12.5701332 -0.00853600074  0.00180447847
  12.6575661 -0.00655367272  0.00179470715
  12.7456055 -0.00502906227  0.00179070886
  12.834259 -0.00400760071  0.00179272157
  12.9235277 -0.0030156374  0.00179524103
  13.0134192 -0.00227988488  0.00180016761
  13.1039343 -0.00152305688  0.00180510886
  13.1950798 -0.000898014812  0.00181006314
  13.2868576 -0.00028079981  0.00181503093
  13.3792763  0.000294301339  0.00182001339
  13.4723358  0.000834848499  0.0018250118
  13.5660439  0.00137240242  0.00183120533
  13.6604023  0.00186317123  0.00184141635
  13.7554178  0.00236737449  0.0018516843
  13.8510942  0.00282643619  0.00186434516
  13.9474373  0.00329229771  0.0018773122
  14.0444479  0.0037412711  0.00189037016
  14.1421356  0.00418232521  0.00190351997
  14.2405024  0.00462376792  0.00191676058
  14.3395519  0.00504829641  0.00193009234
  14.439292  0.00548380241  0.00194351631
  14.5397243  0.00591099076  0.00195703516
  14.6408567  0.00634843064  0.00197064877
  14.742691  0.00677879527  0.00199884898
  14.8452358  0.00721028959  0.0020352297
  14.9484921  0.00763885491  0.00207272661
  15.0524673  0.00805122871  0.00211181305
  15.1571655  0.00847305637  0.00215163594
  15.2625923  0.00888401829  0.00219220901
  15.3687515  0.00930478051  0.00223354623
  15.4756498  0.0097314911  0.00227566459
  15.5832911  0.0101666274  0.00231857831
  15.6916819  0.0105999038  0.00238010217
  15.800827  0.0110245235  0.00247137086
  15.9107294  0.0114561003  0.00256620883
  16.0213966  0.0118649099  0.00266544754
  16.1328354  0.0122829014  0.00276852399
  16.2450485  0.0126745291  0.00287558557
  16.3580399  0.0130636515  0.00298677967
  16.4718208  0.0134410243  0.00309383683
  16.5863914  0.0138016008  0.00319415843
  16.7017574  0.0141684553  0.00329439621
  16.8179283  0.0145354904  0.00337623246
  16.934906  0.0149100246  0.00346010481
  17.0526981  0.0152826505  0.00354605494
  17.1713085  0.015660692  0.00363414083
  17.2907448  0.0160328541  0.00372441951
  17.4110107  0.0163990986  0.00381694199
  17.532114  0.0167664308  0.00390633848
  17.6540604  0.0171153117  0.00397467706
  17.7768536  0.0174706541  0.00404420914
  17.9005013  0.0178373791  0.00409100996
  18.0250092  0.0182116032  0.00413500052
  18.150383  0.0185941011  0.00417946558
  18.2766285  0.0189847443  0.00422440795
  18.4037533  0.0193814524  0.00426983414
  18.5317612  0.0197817422  0.00431574974
  18.6606598  0.0201894417  0.00436215801
  18.7904549  0.0205932148  0.00440906174
  18.9211521  0.0210034959  0.00445646793
  19.0527592  0.021415446  0.00448677922
  19.1852818  0.0218311753  0.00450642547
  19.3187256  0.0222582817  0.00452549895
  19.4530983  0.0227022376  0.00454313774
  19.5884056  0.0231542401  0.00456084916
  19.7246532  0.0236171093  0.00457863091
  19.8618488  0.0240884237  0.00459647877
  20.  0.0245692506  0.00461440114
  20.1122379  0.024964191  0.00462892139
  20.2251034  0.0253649056  0.00464348681
  20.338604  0.0257737506  0.004658096
  20.4527397  0.0261886604  0.00467275083
  20.5675201  0.0266102366  0.0046877251
  20.6829414  0.0270431899  0.00470515667
  20.7990093  0.0274825115  0.00472265203
  20.9157295  0.0279277395  0.00474545406
  21.0331059  0.0283776429  0.00478561781
  21.1511421  0.0288341381  0.00482612243
  21.2698383  0.029292101  0.00486696884
  21.3892002  0.0297476556  0.00490816217
  21.5092354  0.0302097704  0.00494970661
  21.6299419  0.0306744445  0.00499160076
  21.7513256  0.0311416369  0.00503384741
  21.8733883  0.0316154473  0.0050764503
  21.9961395  0.0320926979  0.00511941686
  22.1195793  0.0325747468  0.00516274711
  22.2437096  0.0330635756  0.0052064429
  22.3685379  0.0335558802  0.00525051169
  22.4940681  0.0340540372  0.0052949558
  22.6203003  0.0345591493  0.00533977523
  22.747242  0.0350682437  0.00538496813
  22.874897  0.0355840735  0.0054305438
  23.0032654  0.0361070298  0.00547650317
  23.1323586  0.0366362594  0.00552285369
  23.2621727  0.037172813  0.00556959445
  23.3927155  0.0377164111  0.00561815873
  23.5239944  0.0382655077  0.00567445392
  23.6560059  0.0388221852  0.00573131163
  23.7887592  0.0393843837  0.0057898052
  23.9222565  0.0399491563  0.00585143548
  24.0565071  0.0405216813  0.00591372373
  24.1915092  0.0410980657  0.00597667368
  24.3272667  0.0416769944  0.00604029093
  24.4637871  0.0422637537  0.00610458618
  24.6010761  0.0428555198  0.00616956875
  24.7391319  0.0434529409  0.00623524282
  24.877964  0.0440583825  0.00630161585
  25.0175762  0.0446684472  0.00636869902
  25.1579704  0.0452851169  0.00643649651
  25.2991524  0.0459099971  0.00650501484
  25.4411278  0.0465392731  0.00657425821
  25.5838985  0.0471760742  0.00664423686
  25.7274723  0.0478213094  0.00671496056
  25.871851  0.0484707728  0.0067864405
  26.0170383  0.0491286069  0.00685868086
  26.163044  0.0497945957  0.00693169143
  26.3098679  0.0504641123  0.00700548338
  26.4575119  0.0511423647  0.0070800581
  26.6059895  0.0518284738  0.00715507613
  26.7552967  0.0525199883  0.00722967926
  26.9054432  0.0532205254  0.00730506144
  27.0564346  0.0539292954  0.00738001056
  27.208271  0.0546456911  0.0074535436
  27.3609581  0.0553713664  0.00752780959
  27.5145035  0.0561056659  0.00760281319
  27.668911  0.0568486527  0.00767856184
  27.8241844  0.0576012619  0.00775506534
  27.9803295  0.0583621599  0.00783233251
  28.1373501  0.0591320395  0.00791037362
  28.2952538  0.0599118434  0.00798919052
  28.4540405  0.0606998168  0.00806879252
  28.6137218  0.061497353  0.00814918987
  28.7742977  0.0623051561  0.00823038816
  28.9357758  0.0631211698  0.00831239671
  29.0981579  0.0639473721  0.00839522108
  29.2614536  0.0647841468  0.00847887248
  29.425663  0.0656290725  0.00856334902
  29.5907955  0.0664848387  0.00864866748
  29.7568531  0.0673511028  0.00873483717
  29.9238434  0.0682261586  0.00882186927
  30.0917721  0.0691123903  0.00890976936
  30.260643  0.0700092465  0.00899854489
  30.4304619  0.0709158182  0.00908819959
  30.6012325  0.0718339384  0.00917874835
  30.7729626  0.0727589652  0.00927020144
  30.9456539  0.0736891478  0.00936256535
  31.119318  0.0746310726  0.00945585314
  31.2939548  0.0755833685  0.00954247732
  31.4695721  0.0765464604  0.00962378923
  31.6461735  0.0775216594  0.00970579684
  31.8237667  0.0785156339  0.00978256483
  32.0023575  0.0795251578  0.00985725317
  32.1819496  0.0805474445  0.00993251055
  32.3625488  0.0815877914  0.0100083407
  32.5441628  0.0826424733  0.0100847511
  32.7267952  0.0837105736  0.0101617454
  32.9104538  0.0847962275  0.0102393189
  33.0951424  0.085895896  0.0103174858
  33.2808647  0.0870099068  0.0103962477
  33.4676323  0.0881415904  0.0104756216
  33.6554489  0.0892877504  0.0105556017
  33.8443184  0.0904494077  0.0106361918
  34.0342484  0.0916290209  0.0107173873
  34.2252426  0.0928237289  0.0107992012
  34.4173088  0.0940351635  0.0108816419
  34.6104507  0.0952647626  0.010964714
  34.8046837  0.0965101644  0.0110484259
  35.  0.0977738276  0.0111327739
  35.0467682  0.0980783328  0.0111529958
  35.0935974  0.0983837545  0.0111732557
  35.1404915  0.0986901224  0.0111935502
  35.1874466  0.0989974439  0.0112138847
  35.2344627  0.099305667  0.0112342518
  35.2815437  0.0996148214  0.0112546571
  35.3286858  0.0999249443  0.0112751015
  35.3758926  0.100236028  0.0112955822
  35.4231606  0.100548014  0.0113160983
  35.4704933  0.10086102  0.0113366544
  35.5178909  0.101176202  0.0113572478
  35.5653496  0.10149233  0.0113778803
  35.6128731  0.101809435  0.0113985483
  35.6604576  0.102127492  0.0114192525
  35.708107  0.102446556  0.0114399977
  35.7558212  0.102766566  0.0114607802
  35.8035965  0.103087544  0.0114815962
  35.8514366  0.103409536  0.0115024541
  35.8993454  0.103732511  0.0115233492
  35.9473152  0.104056492  0.0115442835
  35.9953461  0.104381412  0.0115652541
  36.0434456  0.10470736  0.0115862619
  36.0916061  0.105035752  0.011607307
  36.1398277  0.105365135  0.0116283856
  36.188118  0.105695546  0.0116495071
  36.2364769  0.106027007  0.0116706658
  36.2848969  0.106359445  0.0116918636
  36.3333778  0.106692918  0.0117130987
  36.3819275  0.107027397  0.0117343711
  36.430542  0.107362911  0.0117556853
  36.4792175  0.107699446  0.011777035
  36.5279655  0.10803704  0.0117984274
  36.5767708  0.108375624  0.0118198553
  36.6256447  0.108715259  0.0118413214
  36.6745872  0.109057702  0.011862834
  36.7235909  0.109401144  0.011884382
  36.7726631  0.109745704  0.0119059719
  36.8217964  0.110091276  0.0119275972
  36.8709984  0.110437952  0.0119492654
  36.9202652  0.110785656  0.0119709726
  36.9696007  0.111134484  0.0119927172
  37.0189972  0.111484319  0.0120145017
  37.0684624  0.111835279  0.0120363273
  37.1179924  0.112187274  0.012058191
  37.1675911  0.112540379  0.0120800948
  37.2172585  0.112894602  0.0121020414
  37.2669868  0.113251895  0.0121240197
  37.3167801  0.113610327  0.0121460389
  37.366642  0.113969907  0.0121681001
  37.4165726  0.114330582  0.0121901995
  37.4665718  0.114692383  0.0122123426
  37.5166321  0.115055248  0.0122345192
  37.5667648  0.115419328  0.0122567462
  37.6169624  0.115784481  0.0122790057
  37.6672249  0.116150722  0.0123013062
  37.717556  0.116518162  0.0123236505
  37.767952  0.11688666  0.0123460302
  37.8184166  0.117256328  0.0123684527
  37.8689537  0.117629804  0.0123909218
  37.9195518  0.118004449  0.0124134244
  37.9702187  0.118380271  0.0124359708
  38.0209579  0.118757322  0.0124585619
  38.0717621  0.119135499  0.0124811903
  38.1226349  0.119514845  0.0125038596
  38.1735764  0.119895369  0.0125265727
  38.2245827  0.120277099  0.0125493268
  38.2756538  0.120659947  0.0125721171
  38.3267975  0.121044017  0.0125949504
  38.3780136  0.121429324  0.0126178302
  38.4292908  0.121815778  0.0126407472
  38.4806442  0.122207694  0.0126637109
  38.5320625  0.122601032  0.0126867136
  38.5835457  0.12299557  0.0127097582
  38.6351051  0.123391375  0.0127328448
  38.6867294  0.123788401  0.0127559751
  38.7384186  0.12418665  0.0127791427
  38.7901878  0.124586225  0.0128023606
  38.8420143  0.124986961  0.0128256138
  38.8939171  0.125388995  0.0128489118
  38.9458885  0.12579228  0.0128722526
  38.9979248  0.126196802  0.0128956335
  39.0500336  0.126602605  0.0129190572
  39.1022148  0.127012223  0.0129477521
  39.1544647  0.127423301  0.0129769007
  39.2067795  0.127835631  0.0130061135
  39.2591705  0.128249288  0.0130353924
  39.3116302  0.128664285  0.0130647412
  39.3641548  0.129080504  0.0130941505
  39.4167557  0.129498079  0.0131236296
  39.4694252  0.129916936  0.013153173
  39.5221634  0.130337134  0.0131827826
  39.5749741  0.130758628  0.0132124601
  39.6278572  0.131181493  0.0132422056
  39.6808052  0.13160561  0.0132720154
  39.7338295  0.132032081  0.0133040324
  39.7869225  0.132459968  0.0133363241
  39.8400803  0.132889152  0.0133686913
  39.8933144  0.133319721  0.0134011395
  39.9466209  0.133751646  0.0134336688
  40.  0.134184927  0.0134662744