  7.12307692  0.0149781173  0.0112345824
  7.24831867  0.0148754083  0.0123076579
  7.37576199  0.0144002847  0.0128999799
  7.50544643  0.0142185185  0.0132021913
  7.63741016  0.0140216136  0.0133787533
  7.77169514  0.0141698066  0.0133801764
  7.90834093  0.0144658573  0.0135058602
  8.04738903  0.0151545648  0.0140897706
  8.18888283  0.014701155  0.0148451477
  8.33286285  0.0150090763  0.015047159
  8.47937584  0.0150465416  0.0153801953
  8.62846375  0.0152649879  0.0155666377
  8.7801733  0.0157114007  0.0160340741
  8.93455029  0.0160670821  0.0164611209
  9.09164238  0.0166900363  0.0172840636
  9.25149632  0.0165822804  0.0187964439
  9.41415977  0.0156647637  0.0195377041
  9.57968426  0.0150839416  0.0195925161
  9.7481184  0.014912921  0.0197634846
  9.91951466  0.0148168886  0.0200757701
  10.0939245  0.0143540455  0.020475477
  10.2714005  0.0137571786  0.0206061788
  10.4519978  0.0130909281  0.0205954537
  10.6357689  0.0122444425  0.0198093485
  10.822773  0.0123534687  0.0186159164
  11.0130634  0.012830494  0.0182025116
  11.2067003  0.0129437977  0.0175744202
  11.4037418  0.0135203851  0.0172554813
  11.604248  0.013246364  0.0166112166
  11.808279  0.0144657809  0.0143549424
  12.0158987  0.0169626232  0.0158291738
  12.2271671  0.015539079  0.0210587792
  12.4421511  0.00969830435  0.00775968842
  12.6609144  0.0172351021  0.0078940941
  12.8835249  0.0207176916  0.00824545324
  13.1100502  0.0232614577  0.00862711761
  13.3405561  0.0254623555  0.00903035887
  13.5751171  0.0275130849  0.00945687573
  13.8138008  0.0294856671  0.00991614349
  14.0566816  0.0314127952  0.0104034869
  14.303834  0.0333240665  0.0109159509
  14.5553303  0.0352506489  0.0114552379
  14.8112488  0.0372098163  0.0120493919
  15.0716667  0.0391723812  0.0127015933
  15.3366642  0.0411497466  0.013388033
  15.6063204  0.0431883484  0.014105917
  15.8807192  0.0452537872  0.0149495937
  16.1599407  0.0473220907  0.0158613492
  16.4440727  0.0493566208  0.0168290809
  16.7332001  0.0513738468  0.0178099107
  17.0274105  0.0534427129  0.0188003946
  17.3267956  0.0555442013  0.0198455229
  17.631443  0.0576460287  0.0209169798
  17.9414463  0.0597820245  0.0219665561
  18.2569027  0.0620036349  0.0230283476
  18.5779057  0.064302288  0.0241387989
  18.9045506  0.0666585714  0.0253046826
  19.2369385  0.0690698177  0.0264780521
  19.5751705  0.0715805516  0.0276936516
  19.9193516  0.0741802901  0.0289701968
  20.2695827  0.0768526495  0.0303089675
  20.6259727  0.0796157569  0.0316942558
  20.9886284  0.0824799687  0.0331575386
  21.3576603  0.0854243189  0.0347183757
  21.733181  0.0884395689  0.0363457315
  22.1153049  0.0915309489  0.0380512476
  22.5041466  0.0947058573  0.0398387127
  22.8998241  0.0977395624  0.0416516252
  23.3024616  0.101174079  0.0429375842
  23.7121754  0.105189726  0.0449586622
  24.1290932  0.109114073  0.0472779684
  24.5533428  0.113011666  0.0497196056
  24.9850502  0.116962843  0.0522893071
  25.4243507  0.120980226  0.0549938716
  25.8713722  0.125066474  0.057840351
  26.3262558  0.129213139  0.0608364567
  26.7891388  0.133394033  0.0639631674
  27.2601566  0.137640178  0.0671602488
  27.7394581  0.142031059  0.0704666078
  28.2271843  0.146555021  0.0739379823
  28.7234917  0.151191145  0.0775830075
  29.2285194  0.155935273  0.0814100727
  29.7424297  0.160781145  0.085428752
  30.2653751  0.165720478  0.0896482766
  30.7975178  0.170743138  0.0940790623
  31.3390121  0.17581737  0.0987216607
  31.8900299  0.180943549  0.103560254
  32.450737  0.186062351  0.108624518
  33.0213013  0.190694779  0.113942318
  33.6018982  0.196635187  0.117613256
  34.1927032  0.203187585  0.123370148
  34.7938919  0.209440991  0.129415408
  35.4056549  0.215719208  0.135763064
  36.0281754  0.222075015  0.14242892
  36.6616402  0.228527516  0.149429098
  37.3062401  0.235107601  0.156780094
  37.9621773  0.24187316  0.164543271
  38.6296463  0.248767674  0.172916606
  39.3088493  0.255613834  0.181875944
  39.9999962  0.262358636  0.191362008