  0.150000006  6.75256433E-06  8.31358022E-08
  0.156085029  7.31611181E-06  9.72581731E-08
  0.16241692  7.92685842E-06  1.13759597E-07
  0.169005662  8.58875501E-06  1.33037091E-07
  0.175861686  9.30606348E-06  1.55549358E-07
  0.182995841  1.00834104E-05  1.81833954E-07
  0.190419391  1.09258181E-05  2.12513953E-07
  0.198144123  1.18387661E-05  2.48319822E-07
  0.206182197  1.28280326E-05  2.90081658E-07
  0.214546368  1.3900044E-05  3.38783593E-07
  0.223249838  1.50615806E-05  3.95563319E-07
  0.232306376  1.63200166E-05  4.61728803E-07
  0.241730317  1.76833928E-05  5.38805239E-07
  0.251536548  1.91602358E-05  6.2857373E-07
  0.261740595  2.07597532E-05  7.3305057E-07
  0.272358596  2.24918513E-05  8.54640462E-07
  0.283407331  2.43671511E-05  9.9604415E-07
  0.294904262  2.6397016E-05  1.16041838E-06
  0.306867599  2.85935585E-05  1.35142625E-06
  0.319316238  3.09696443E-05  1.57324905E-06
  0.332269907  3.35387485E-05  1.83050872E-06
  0.34574905  3.63156651E-05  2.1287949E-06
  0.359775007  3.93152259E-05  2.47427283E-06
  0.374369949  4.25538747E-05  2.87435319E-06
  0.389556974  4.60469273E-05  3.3371366E-06
  0.405360043  4.981241E-05  3.87226328E-06
  0.421804249  5.38653185E-05  4.49035952E-06
  0.438915521  5.8223719E-05  5.20399453E-06
  0.456720918  6.29004935E-05  6.02679029E-06
  0.475248665  6.79108998E-05  6.97481346E-06
  0.494528025  7.32603876E-05  8.06592652E-06
  0.514589429  7.89547776E-05  9.32061357E-06
  0.535464704  8.49794378E-05  1.07612796E-05
  0.557186842  9.13079857E-05  1.24134458E-05
  0.579790175  9.78613898E-05  1.4305926E-05
  0.603310466  0.000104481383  1.64647736E-05
  0.627784848  0.000110769426  1.89181847E-05
  0.653252125  0.000115257964  2.17298075E-05
  0.679752469  0.000107618325  7.44679255E-06
  0.707327843  0.000135747105  8.66748269E-06
  0.736021936  0.000150264619  1.00738152E-05
  0.765880048  0.000164795187  1.17019536E-05
  0.796949327  0.000179982948  1.35930113E-05
  0.829279125  0.000196134046  1.57874765E-05
  0.862920344  0.000213418927  1.82974873E-05
  0.897926271  0.000232019083  2.11989463E-05
  0.934352338  0.000252045807  2.4557783E-05
  0.972256124  0.000273630401  2.84472771E-05
  1.01169741  0.000296886283  3.29239811E-05
  1.05273879  0.000321982574  3.80831843E-05
  1.09544516  0.00034905292  4.40478034E-05
  1.13988388  0.000378268363  5.09652273E-05
  1.1861254  0.000409665052  5.90883428E-05
  1.2342428  0.000443341123  6.84530314E-05
  1.28431213  0.000479406823  7.93474246E-05
  1.33641267  0.000517759356  9.19084414E-05
  1.39062667  0.000558601227  0.000105964005
  1.44704008  0.000602485903  0.000121951671
  1.50574183  0.000649262161  0.000140792661
  1.56682515  0.000698205549  0.000162659824
  1.63038635  0.000749260013  0.000187316255
  1.69652593  0.000802596565  0.000215329623
  1.76534867  0.000857285457  0.000247270043
  1.83696318  0.000913941883  0.00028307733
  1.91148317  0.000969820365  0.00032669722
  1.98902583  0.00101928704  0.000376042939
  2.06971455  0.00105910085  0.000431615481
  2.15367627  0.00107209862  0.000495179615
  2.24104404  0.000989512308  0.000568343967
  2.33195615  0.00105366285  0.000188368518
  2.42655635  0.00128939748  0.000216628134
  2.52499413  0.00146081368  0.000249128818
  2.62742519  0.00162323238  0.000286505616
  2.73401141  0.0017869185  0.000328859867
  2.84492183  0.00195752387  0.000376726413
  2.9603312  0.00213726005  0.000431563094
  3.08042264  0.00232754974  0.000494386535
  3.20538545  0.00252923067  0.0005663333
  3.33541822  0.00274219387  0.000648592657
  3.4707253  0.00296560535  0.000738081406
  3.61152172  0.00320705818  0.000836390944
  3.75802994  0.00346589088  0.000947826658
  3.91048145  0.00374222104  0.00107414485
  4.06911707  0.00403618859  0.00121734024
  4.23418856  0.00434680749  0.00137761433
  4.40595627  0.00467827218  0.00155620871
  4.584692  0.00503019756  0.00175773585
  4.77067852  0.0054022898  0.00198519626
  4.96420956  0.00579104712  0.0022417868
  5.16559267  0.00619860645  0.00252042548
  5.375144  0.00663050264  0.00283832196
  5.59319687  0.00706839049  0.00319779129
  5.82009506  0.00751971407  0.00356386066
  6.05619812  0.00801198278  0.00397068029
  6.30187941  0.00853612088  0.0044397465
  6.55752659  0.00907088816  0.00497171795
  6.8235445  0.009623833  0.00555417826
  7.0  0.0100843878  0.00598271517
  7.12307692  0.010395566  0.00648671109
  7.24831867  0.0104365321  0.00706665218
  7.37576199  0.0102964174  0.00740961358
  7.50544643  0.0103066266  0.0076105902
  7.63741016  0.0103140194  0.00775194401
  7.77169514  0.0104975868  0.00781041337
  7.90834093  0.0107579818  0.00793478824
  8.04738903  0.0112169944  0.0082907211
  8.18888283  0.0111111766  0.00873550493
  8.33286285  0.0113880914  0.00890857726
  8.47937584  0.0115343304  0.00915075559
  8.62846375  0.0117747625  0.00932406541
  8.7801733  0.012132939  0.00964154769
  8.93455029  0.0124505106  0.00994351413
  9.09164238  0.0129061863  0.0104473066
  9.25149632  0.0130041493  0.0113002015
  9.41415977  0.0127036739  0.0117781432
  9.57968426  0.0125738196  0.0119210687
  9.7481184  0.0126514351  0.0121292491
  9.91951466  0.0127697252  0.0124148643
  10.0939245  0.0127089433  0.0127513511
  10.2714005  0.0125850122  0.0129617546
  10.4519978  0.012430056  0.0131100444
  10.6357689  0.0121886926  0.0128811561
  10.822773  0.0124260029  0.0124587491
  11.0130634  0.0128491269  0.0124343
  11.2067003  0.0130935926  0.0123132812
  11.4037418  0.0135704596  0.0123570161
  11.604248  0.0136250341  0.0122503191
  11.808279  0.0144228972  0.0113534508
  12.0158987  0.0158547759  0.0123262126
  12.2271671  0.0153303146  0.0151813887
  12.4421511  0.0125948815  0.00882986747
  12.6609144  0.0164956376  0.00914844405
  12.8835249  0.0183952507  0.0095605012
  13.1100502  0.019844586  0.00999460556
  13.3405561  0.0211333577  0.0104501117
  13.5751171  0.0223553218  0.0109283933
  13.8138008  0.0235451739  0.0114354445
  14.0566816  0.0247181617  0.0119691873
  14.303834  0.0258885492  0.0125285946
  14.5553303  0.0270716604  0.0131149031
  14.8112488  0.0282760262  0.013742446
  15.0716667  0.0294878185  0.0144134313
  15.3366642  0.030713195  0.0151178269
  15.6063204  0.0319734327  0.0158566032
  15.8807192  0.0332510136  0.0166757163
  16.1599407  0.0345332958  0.017548902
  16.4440727  0.0358012505  0.018468814
  16.7332001  0.0370639116  0.0194148012
  17.0274105  0.0383560918  0.0203862097
  17.3267956  0.0396700315  0.0214064997
  17.631443  0.0409913845  0.0224660039
  17.9414463  0.0423333198  0.0235476438
  18.2569027  0.0437144749  0.0246689878
  18.5779057  0.0451285727  0.0258445553
  18.9045506  0.0465668812  0.0270769745
  19.2369385  0.0480283275  0.0283435807
  19.5751705  0.0495352447  0.0296630617
  19.9193516  0.0510818288  0.0310464874
  20.2695827  0.052664917  0.032497447
  20.6259727  0.0542869121  0.0340197869
  20.9886284  0.0559482723  0.0356279202
  21.3576603  0.0576328859  0.03733721
  21.733181  0.0593299903  0.0391294546
  22.1153049  0.0610435568  0.0410088412
  22.5041466  0.0627729967  0.0429795608
  22.8998241  0.0645151734  0.0450460464
  23.3024616  0.0662676916  0.0472131036
  23.7121754  0.0680226982  0.0494955927
  24.1290932  0.0697631687  0.0518960729
  24.5533428  0.0714638606  0.0544140749
  24.9850502  0.073091127  0.057054773
  25.4243507  0.074567616  0.0597582236
  25.8713722  0.0759994164  0.0623157434
  26.3262558  0.0775722861  0.0648864284
  26.7891388  0.0792121217  0.0675623715
  27.2601566  0.0808901489  0.0703451037
  27.7394581  0.0825940222  0.0732405856
  28.2271843  0.0843131915  0.0762554854
  28.7234917  0.0860381871  0.0793948695
  29.2285194  0.0877597481  0.0826638564
  29.7424297  0.0894676447  0.0860676616
  30.2653751  0.0911490843  0.0896122903
  30.7975178  0.0927903503  0.0933029801
  31.3390121  0.0943669602  0.0971413478
  31.8900299  0.0958717689  0.101119787
  32.450737  0.0972865447  0.105254121
  33.0213013  0.0985600203  0.109558769
  33.6018982  0.0995962173  0.114040814
  34.1927032  0.100039549  0.118528761
  34.7938919  0.100468419  0.122338325
  35.4056549  0.101236515  0.12599358
  36.0281754  0.102210775  0.129758209
  36.6616402  0.103297599  0.133635402
  37.3062401  0.10445486  0.137628689
  37.9621773  0.105662644  0.141741559
  38.6296463  0.106912017  0.145977497
  39.3088493  0.108196452  0.150352344
  39.9999962  0.109494701  0.154885679