  7.  0.0189021286  0.019288253
  7.12307692  0.0193808787  0.0197194051
  7.24831867  0.0198828205  0.0201762952
  7.37576199  0.0203812644  0.0206622314
  7.50544643  0.0208707545  0.0211613346
  7.63741016  0.0213334765  0.0216732174
  7.77169514  0.0217845645  0.0221117511
  7.90834093  0.0222967789  0.0225240067
  8.04738903  0.0228587128  0.0229454823
  8.18888283  0.0234561153  0.0233767778
  8.33286285  0.0240973812  0.0238254853
  8.47937584  0.0247578472  0.0243015196
  8.62846375  0.0254372936  0.0247895215
  8.7801733  0.0261380039  0.0252895653
  8.93455029  0.0268601906  0.0258020982
  9.09164238  0.0276018567  0.0263277143
  9.25149632  0.0283594597  0.0268666428
  9.41415977  0.0291272346  0.0274195503
  9.57968426  0.0298907459  0.027985964
  9.7481184  0.0305596106  0.0285483934
  9.91951466  0.0313033052  0.0288691465
  10.0939245  0.0321973041  0.0291992612
  10.2714005  0.0331889167  0.0295386966
  10.4519978  0.0342604257  0.0298877601
  10.6357689  0.0354115702  0.0302473065
  10.822773  0.0366369486  0.0306177773
  11.0130634  0.0379317477  0.0309870336
  11.2067003  0.0393256955  0.0313498899
  11.4037418  0.0408220105  0.031723693
  11.604248  0.0424239971  0.0321105011
  11.808279  0.04413753  0.0325110517
  12.0158987  0.0459807664  0.0329255238
  12.2271671  0.0479744114  0.0333560184
  12.4421511  0.0502120145  0.0338637643
  12.6609144  0.0525428727  0.0346212871
  12.8835249  0.0548556037  0.0354374833
  13.1100502  0.0572423711  0.0362795815
  13.3405561  0.0597323216  0.0371485762
  13.5751171  0.0623472892  0.0380455479
  13.8138008  0.0651696622  0.0390078425
  14.0566816  0.0681007877  0.0401141159
  14.303834  0.0711254478  0.0412762985
  14.5553303  0.074300006  0.0424781404
  14.8112488  0.0776743591  0.0437216014
  15.0716667  0.0813258886  0.0450111777
  15.3366642  0.0853895694  0.0465941764
  15.6063204  0.0894576386  0.0485337824
  15.8807192  0.0936125964  0.0505547784
  16.1599407  0.0979831442  0.0526579916
  16.4440727  0.102805443  0.0548972189
  16.7332001  0.107935116  0.0577585399
  17.0274105  0.113075517  0.0608703494
  17.3267956  0.118415646  0.0644494668
  17.631443  0.123783  0.0683579147
  17.9414463  0.129316151  0.072525546
  18.2569027  0.135051504  0.0770851225
  18.5779057  0.141088575  0.0819594413
  18.9045506  0.147551879  0.0876686424
  19.2369385  0.153807968  0.0942092463
  19.5751705  0.16000706  0.101252839
  19.9193516  0.166369855  0.108834445
  20.2695827  0.172912329  0.117649145
  20.6259727  0.178759575  0.127584532
  20.9886284  0.184045494  0.138377458
  21.3576603  0.187943473  0.149559125
  21.733181  0.191940784  0.160601005
  22.1153049  0.195954487  0.172498435
  22.5041466  0.199624568  0.185435161
  22.8998241  0.202794746  0.199327156
  23.3024616  0.2056133  0.21507144
  23.7121754  0.206446111  0.233451307
  24.1290932  0.203952491  0.253612697
  24.5533428  0.195830032  0.27291742
  24.9850502  0.186693192  0.290622205
  25.4243507  0.172902942  0.309293061
  25.8713722  0.152476504  0.323737115
  26.3262558  0.124167919  0.325948268
  26.7891388  0.108912334  0.317850024
  27.2601566  0.101110376  0.309678912
  27.7394581  0.0984278843  0.305453509
  28.2271843  0.0954593569  0.303828001
  28.7234917  0.091912955  0.302356839
  29.2285194  0.0888871476  0.296738476
  29.7424297  0.0962402672  0.289238721
  30.2653751  0.114027075  0.297540247
  30.7975178  0.113684505  0.316763103
  31.3390121  0.10421823  0.332708985
  31.8900299  0.0843159482  0.341168106
  32.450737  0.0676963553  0.332752764
  33.0213013  0.0627307594  0.323069572
  33.6018982  0.0624733455  0.315700531
  34.1927032  0.0626571178  0.311686128
  34.7938919  0.0622421503  0.3082546
  35.4056549  0.0586816296  0.303580165
  36.0281754  0.0574561022  0.292204946
  36.6616402  0.0617284365  0.28096348
  37.3062401  0.0635931119  0.26779592
  37.9621773  0.0803464726  0.241847426
  38.6296463  0.115314223  0.229287639
  39.3088493  0.148695201  0.233908668
  39.9999962  0.175889179  0.245481163